{
 "cells": [
  {
   "cell_type": "markdown",
   "metadata": {},
   "source": [
    "This code runs the QME algorithm on a randomly generated $(a, B)$. QME uses LPME as a subroutine, so it effectively achieves its predictions using just oracle comparisons.\n",
    "\n",
    "Note that the QME algorithm is more susceptible to error than LPME because it uses fractions. Keep following the code for an explanation. In the code we've built in an inconsistency checker that, when flipped on, checks the cosine similarity between expected (true) gradients and the gradients determined by LPME. Later in this notebook we run trials to see the error statistics, and **even in the worst case the gradient estimation is very accurate** with cosine similarity < $10^{-6}$. We show the error can be entirely attributed to the use of fractions, and we show comparisons to so-called \"well-formed\" $(a, B)$ that satisfy the regularity assumption in the paper to \"ill-formed\" $(a, B)$ that are truly random.\n",
    "\n",
    "The trials run in this notebook will be saved to disk in *trials/qme/well_formed* and *trials/qme/ill_formed*. *qme_results_analyze.ipynb* will use these to make graphs."
   ]
  },
  {
   "cell_type": "code",
   "execution_count": 1,
   "metadata": {},
   "outputs": [],
   "source": [
    "%load_ext autoreload\n",
    "\n",
    "%autoreload 2"
   ]
  },
  {
   "cell_type": "code",
   "execution_count": 2,
   "metadata": {},
   "outputs": [],
   "source": [
    "import numpy as np\n",
    "from scipy import spatial\n",
    "from tqdm import tqdm_notebook\n",
    "import matplotlib.pyplot as plt\n",
    "\n",
    "import sys\n",
    "sys.path.append('../')\n",
    "from common import Sphere, Oracle, create_a_B, normalize\n",
    "from qme import QME, QMESC\n",
    "from trials import NUM_TRIALS, load_qme_sphere, load_a_B, write_qme_trial, write_qme_trial_summary"
   ]
  },
  {
   "cell_type": "markdown",
   "metadata": {},
   "source": [
    "# Example"
   ]
  },
  {
   "cell_type": "code",
   "execution_count": 8,
   "metadata": {},
   "outputs": [],
   "source": [
    "np.random.seed(7)\n",
    "\n",
    "# number of classes\n",
    "nc = 2\n",
    "# well_formed input\n",
    "wf = True\n",
    "# the tighter this is, the closer to the true answer (in all cases)\n",
    "search_tol = 1e-3\n",
    "\n",
    "q = nc ** 2 - nc"
   ]
  },
  {
   "cell_type": "code",
   "execution_count": 9,
   "metadata": {},
   "outputs": [],
   "source": [
    "sphere = Sphere(np.zeros(q), 1.0, q)\n",
    "a, B = create_a_B(sphere, q, wf)\n",
    "oracle = Oracle(a, B)"
   ]
  },
  {
   "cell_type": "code",
   "execution_count": 10,
   "metadata": {},
   "outputs": [],
   "source": [
    "qm = QME(sphere, oracle, search_tol, wf)\n",
    "ahat, Bhat = qm.run_qme()"
   ]
  },
  {
   "cell_type": "code",
   "execution_count": 7,
   "metadata": {},
   "outputs": [
    {
     "name": "stdout",
     "output_type": "stream",
     "text": [
      "a squared error: 0.0016076871061441085\n",
      "B squared error: 0.0018994205472158382\n"
     ]
    }
   ],
   "source": [
    "# not bad, not bad\n",
    "print(\"a squared error:\", np.linalg.norm(ahat - a))\n",
    "print(\"B squared error:\", np.linalg.norm(Bhat - B, ord='fro'))"
   ]
  },
  {
   "cell_type": "code",
   "execution_count": null,
   "metadata": {},
   "outputs": [],
   "source": []
  },
  {
   "cell_type": "markdown",
   "metadata": {},
   "source": [
    "# Trials\n",
    "\n",
    "First run `python trials.py`.\n",
    "\n",
    "Make sure to run all choices of $2 \\leq nc \\leq 5 $ and $wf \\in \\{True, False\\}$. With 6-core multiprocessing, this should take 10-20 minutes total."
   ]
  },
  {
   "cell_type": "code",
   "execution_count": 12,
   "metadata": {},
   "outputs": [],
   "source": [
    "import multiprocessing as mp\n",
    "import os"
   ]
  },
  {
   "cell_type": "code",
   "execution_count": 66,
   "metadata": {},
   "outputs": [],
   "source": [
    "# -- Configurations --\n",
    "\n",
    "# number of classes, change this as you go\n",
    "nc = 2\n",
    "# well-formed, change this as you go\n",
    "wf = False\n",
    "\n",
    "# set this based on your system\n",
    "num_procs = 6\n",
    "\n",
    "search_tol = 1e-2\n",
    "\n",
    "\n",
    "# -- Vars --\n",
    "q = nc ** 2 - nc\n",
    "sphere = load_qme_sphere(nc, well_formed=wf)\n",
    "\n",
    "folder = None\n",
    "if wf:\n",
    "    folder = \"well_formed\"\n",
    "else:\n",
    "    folder = \"ill_formed\"\n",
    "\n",
    "if os.path.exists(f\"trials/qme/{folder}/k={nc}/a_0_hat.npy\"):\n",
    "    print(\"WARNING - this class has already been run\")"
   ]
  },
  {
   "cell_type": "code",
   "execution_count": 67,
   "metadata": {},
   "outputs": [],
   "source": [
    "QUEUE_IN = mp.Queue()\n",
    "QUEUE_OUT = mp.Queue()\n",
    "\n",
    "\n",
    "def run_trial(sphere, a, B, search_tol, wf):\n",
    "    oracle = Oracle(a, B)\n",
    "    qm = QME(sphere, oracle, search_tol, wf)\n",
    "    a_hat, B_hat = qm.run_qme()\n",
    "    \n",
    "    return a_hat, B_hat\n",
    "\n",
    "\n",
    "def proc_run_trials(self_id, search_tol, sphere, wf):\n",
    "    while True:\n",
    "        data = QUEUE_IN.get(block=True)\n",
    "        if data is None:\n",
    "            QUEUE_IN.put(None) # so other threads can read this and exit out\n",
    "            break # exit\n",
    "            \n",
    "        tid, a, B = data\n",
    "        a_hat, B_hat = run_trial(sphere, a, B, search_tol, wf)\n",
    "        \n",
    "        # put result into queue out\n",
    "        QUEUE_OUT.put((tid, a_hat, B_hat))"
   ]
  },
  {
   "cell_type": "code",
   "execution_count": 68,
   "metadata": {},
   "outputs": [],
   "source": [
    "# start the procs\n",
    "procs = []\n",
    "for i in range(num_procs):\n",
    "    proc = mp.Process(target=proc_run_trials, args=(\n",
    "        i,\n",
    "        search_tol,\n",
    "        sphere,\n",
    "        wf,\n",
    "    ))\n",
    "    proc.start()\n",
    "    procs.append(proc)"
   ]
  },
  {
   "cell_type": "code",
   "execution_count": 69,
   "metadata": {},
   "outputs": [
    {
     "data": {
      "application/vnd.jupyter.widget-view+json": {
       "model_id": "cb50d18773584521b0fcc79319dc49a0",
       "version_major": 2,
       "version_minor": 0
      },
      "text/plain": [
       "HBox(children=(IntProgress(value=0, max=300), HTML(value='')))"
      ]
     },
     "metadata": {},
     "output_type": "display_data"
    },
    {
     "name": "stdout",
     "output_type": "stream",
     "text": [
      "\n"
     ]
    }
   ],
   "source": [
    "# put in work\n",
    "trial_ids = []\n",
    "a_list = []\n",
    "B_list = []\n",
    "\n",
    "for i in tqdm_notebook(range(NUM_TRIALS)):\n",
    "    a, B = load_a_B(nc, i, well_formed=wf)\n",
    "    trial_ids.append(i)\n",
    "    a_list.append(a)\n",
    "    B_list.append(B)\n",
    "    \n",
    "    QUEUE_IN.put((i, a, B))\n",
    "    \n",
    "QUEUE_IN.put(None) # signal end to procs"
   ]
  },
  {
   "cell_type": "code",
   "execution_count": 70,
   "metadata": {},
   "outputs": [
    {
     "data": {
      "application/vnd.jupyter.widget-view+json": {
       "model_id": "0b57422654df4075b14d85da1974eaac",
       "version_major": 2,
       "version_minor": 0
      },
      "text/plain": [
       "HBox(children=(IntProgress(value=0, max=300), HTML(value='')))"
      ]
     },
     "metadata": {},
     "output_type": "display_data"
    },
    {
     "name": "stdout",
     "output_type": "stream",
     "text": [
      "\n"
     ]
    }
   ],
   "source": [
    "# use trial_ids_out to map into the original inputs\n",
    "trial_ids_out = []\n",
    "\n",
    "a_hat_list = []\n",
    "B_hat_list = []\n",
    "\n",
    "a_err = []\n",
    "B_err = []\n",
    "\n",
    "# we should get trials many results from QUEUE_OUT\n",
    "for _ in tqdm_notebook(range(NUM_TRIALS)):\n",
    "    tid, a_hat, B_hat = QUEUE_OUT.get(block=True)\n",
    "    \n",
    "    trial_ids_out.append(tid)\n",
    "    \n",
    "    a_hat_list.append(a_hat)\n",
    "    B_hat_list.append(B_hat)\n",
    "    \n",
    "    # compute error\n",
    "    a_err.append( np.linalg.norm(a_hat - a_list[tid]) )\n",
    "    B_err.append( np.linalg.norm(B_hat - B_list[tid], ord='fro') )"
   ]
  },
  {
   "cell_type": "code",
   "execution_count": 71,
   "metadata": {},
   "outputs": [],
   "source": [
    "a_err = np.array(a_err)\n",
    "B_err = np.array(B_err)"
   ]
  },
  {
   "cell_type": "code",
   "execution_count": 72,
   "metadata": {},
   "outputs": [],
   "source": [
    "# save each trial result\n",
    "for i in range(NUM_TRIALS):\n",
    "    write_qme_trial(\n",
    "        nc,\n",
    "        trial_ids_out[i],\n",
    "        a_hat_list[i],\n",
    "        B_hat_list[i],\n",
    "        well_formed=wf,\n",
    "    )\n",
    "\n",
    "# save the trial summary\n",
    "write_qme_trial_summary(nc, a_err, B_err, well_formed=wf)"
   ]
  },
  {
   "cell_type": "code",
   "execution_count": null,
   "metadata": {},
   "outputs": [],
   "source": []
  },
  {
   "cell_type": "code",
   "execution_count": 37,
   "metadata": {},
   "outputs": [],
   "source": [
    "# get the worst_a, worst_B (showing nc=3, wf=True)\n",
    "idx_max = np.argmax(B_err)\n",
    "worst_tid = trial_ids_out[idx_max]\n",
    "worst_a = a_list[worst_tid]\n",
    "worst_B = B_list[worst_tid]"
   ]
  },
  {
   "cell_type": "code",
   "execution_count": 38,
   "metadata": {},
   "outputs": [],
   "source": [
    "oracle = Oracle(worst_a, worst_B)\n",
    "# check_i checks for gradient inconsistencies; looks at hidden oracle metric to check as it goes\n",
    "qm = QME(sphere, oracle, search_tol, check_i=True)\n",
    "ahat_worst, Bhat_worst = qm.run_qme()"
   ]
  },
  {
   "cell_type": "code",
   "execution_count": 39,
   "metadata": {},
   "outputs": [
    {
     "data": {
      "text/plain": [
       "array([0.03814659, 0.01113102, 0.00639504, 0.02211164, 0.04384882,\n",
       "       0.02165752, 0.00920435, 0.00430133, 0.03406827, 0.01313516,\n",
       "       0.0410759 , 0.04156944, 0.02174222, 0.0341689 , 0.0038492 ,\n",
       "       0.01595709, 0.02002497, 0.03151032, 0.04593458, 0.0227382 ])"
      ]
     },
     "execution_count": 39,
     "metadata": {},
     "output_type": "execute_result"
    }
   ],
   "source": [
    "worst_a"
   ]
  },
  {
   "cell_type": "code",
   "execution_count": 40,
   "metadata": {},
   "outputs": [
    {
     "data": {
      "text/plain": [
       "array([0.03927078, 0.01152568, 0.00666875, 0.02280867, 0.04533311,\n",
       "       0.02233846, 0.00951975, 0.0045822 , 0.03499295, 0.01385993,\n",
       "       0.0420959 , 0.04311976, 0.02260876, 0.0350983 , 0.00394107,\n",
       "       0.01661017, 0.02072383, 0.03241034, 0.04737958, 0.02366697])"
      ]
     },
     "execution_count": 40,
     "metadata": {},
     "output_type": "execute_result"
    }
   ],
   "source": [
    "ahat_worst"
   ]
  },
  {
   "cell_type": "code",
   "execution_count": 41,
   "metadata": {},
   "outputs": [
    {
     "data": {
      "text/plain": [
       "matrix([[ 1.83140158e-01,  5.42630021e-03, -1.15696211e-01,\n",
       "          6.53298449e-02, -7.86033645e-02, -7.93617627e-02,\n",
       "          7.61182738e-02,  5.66256148e-03,  2.80383716e-02,\n",
       "         -1.62097407e-01,  7.24025007e-02, -1.09865142e-01,\n",
       "         -6.43263626e-02,  1.46889695e-02,  4.38294039e-02,\n",
       "         -7.03834652e-02, -1.06473557e-01,  8.38605979e-02,\n",
       "         -1.54548973e-02, -1.34565037e-01],\n",
       "        [ 5.42630021e-03,  2.54858484e-02, -4.59235242e-03,\n",
       "          1.32128749e-03, -9.76772934e-03, -5.88396279e-03,\n",
       "          1.21998036e-03,  3.11372440e-03, -7.77612926e-04,\n",
       "         -6.06835482e-03,  6.71261153e-03, -1.98977765e-04,\n",
       "          4.11315220e-03,  5.09566355e-03, -1.82429897e-03,\n",
       "         -2.80757046e-03, -3.85280700e-03,  1.67087161e-03,\n",
       "         -5.77256296e-04, -5.77615833e-03],\n",
       "        [-1.15696211e-01, -4.59235242e-03,  9.67645806e-02,\n",
       "         -3.98447126e-02,  5.59965376e-02,  5.44424644e-02,\n",
       "         -5.01072017e-02, -3.72532959e-03, -1.96647335e-02,\n",
       "          1.10136224e-01, -4.93534381e-02,  7.79720248e-02,\n",
       "          4.64180538e-02, -7.92949405e-03, -3.13813056e-02,\n",
       "          4.62457580e-02,  7.13091448e-02, -5.81134688e-02,\n",
       "          1.14546551e-02,  9.74623683e-02],\n",
       "        [ 6.53298449e-02,  1.32128749e-03, -3.98447126e-02,\n",
       "          4.59495242e-02, -3.58278800e-02, -3.64239899e-02,\n",
       "          3.06550359e-02,  1.91700117e-05,  1.12871578e-02,\n",
       "         -6.40264001e-02,  2.90144625e-02, -4.58227520e-02,\n",
       "         -2.68340648e-02,  9.33303677e-03,  2.17984485e-02,\n",
       "         -3.13866565e-02, -4.21053822e-02,  3.61928522e-02,\n",
       "         -9.59885458e-03, -5.73560098e-02],\n",
       "        [-7.86033645e-02, -9.76772934e-03,  5.59965376e-02,\n",
       "         -3.58278800e-02,  5.85780705e-02,  4.10111851e-02,\n",
       "         -3.32430894e-02,  5.08284441e-03, -1.15599994e-02,\n",
       "          7.63939142e-02, -4.50584452e-02,  5.17933328e-02,\n",
       "          3.56487908e-02, -6.57866818e-03, -2.17038951e-02,\n",
       "          3.46768154e-02,  5.32088135e-02, -4.00424718e-02,\n",
       "          8.91138829e-03,  7.02740546e-02],\n",
       "        [-7.93617627e-02, -5.88396279e-03,  5.44424644e-02,\n",
       "         -3.64239899e-02,  4.10111851e-02,  7.04547055e-02,\n",
       "         -4.11027919e-02, -1.82053548e-03, -1.75958584e-02,\n",
       "          8.66131548e-02, -4.05852211e-02,  6.51759969e-02,\n",
       "          3.77598032e-02, -8.87786417e-03, -2.09599444e-02,\n",
       "          4.30389596e-02,  5.49587028e-02, -4.78495310e-02,\n",
       "          6.27930419e-03,  7.27090406e-02],\n",
       "        [ 7.61182738e-02,  1.21998036e-03, -5.01072017e-02,\n",
       "          3.06550359e-02, -3.32430894e-02, -4.11027919e-02,\n",
       "          5.88131843e-02,  5.39507428e-03,  6.57716287e-03,\n",
       "         -7.00354146e-02,  3.42425289e-02, -5.17233828e-02,\n",
       "         -3.32630171e-02,  6.68562753e-03,  2.05926352e-02,\n",
       "         -3.36157316e-02, -4.95359750e-02,  4.03758930e-02,\n",
       "         -3.76415047e-03, -6.91147409e-02],\n",
       "        [ 5.66256148e-03,  3.11372440e-03, -3.72532959e-03,\n",
       "          1.91700117e-05,  5.08284441e-03, -1.82053548e-03,\n",
       "          5.39507428e-03,  1.96399464e-02, -7.16092344e-04,\n",
       "         -5.52816210e-03,  2.51609953e-03, -1.33287522e-03,\n",
       "         -7.12157999e-04, -3.57050738e-03,  1.94389151e-04,\n",
       "         -4.23646809e-03, -6.08903329e-03, -4.12732598e-03,\n",
       "          1.69408770e-03, -3.17979730e-03],\n",
       "        [ 2.80383716e-02, -7.77612926e-04, -1.96647335e-02,\n",
       "          1.12871578e-02, -1.15599994e-02, -1.75958584e-02,\n",
       "          6.57716287e-03, -7.16092344e-04,  3.31557367e-02,\n",
       "         -2.60564534e-02,  1.35209979e-02, -2.20505526e-02,\n",
       "         -1.43779272e-02,  2.98985160e-03,  9.89849820e-03,\n",
       "         -8.70418624e-03, -1.98062815e-02,  1.46784495e-02,\n",
       "         -1.40407263e-03, -1.79326624e-02],\n",
       "        [-1.62097407e-01, -6.06835482e-03,  1.10136224e-01,\n",
       "         -6.40264001e-02,  7.63939142e-02,  8.66131548e-02,\n",
       "         -7.00354146e-02, -5.52816210e-03, -2.60564534e-02,\n",
       "          1.83868710e-01, -7.48361611e-02,  1.07850522e-01,\n",
       "          6.88500985e-02, -7.81603851e-03, -4.67359415e-02,\n",
       "          7.40220303e-02,  1.11624407e-01, -8.51397953e-02,\n",
       "          8.56321238e-03,  1.32582891e-01],\n",
       "        [ 7.24025007e-02,  6.71261153e-03, -4.93534381e-02,\n",
       "          2.90144625e-02, -4.50584452e-02, -4.05852211e-02,\n",
       "          3.42425289e-02,  2.51609953e-03,  1.35209979e-02,\n",
       "         -7.48361611e-02,  5.67861352e-02, -5.03587216e-02,\n",
       "         -3.86353307e-02,  8.71352332e-03,  2.01267181e-02,\n",
       "         -3.23011972e-02, -4.60019321e-02,  3.83998144e-02,\n",
       "         -1.37261955e-03, -6.57877706e-02],\n",
       "        [-1.09865142e-01, -1.98977765e-04,  7.79720248e-02,\n",
       "         -4.58227520e-02,  5.17933328e-02,  6.51759969e-02,\n",
       "         -5.17233828e-02, -1.33287522e-03, -2.20505526e-02,\n",
       "          1.07850522e-01, -5.03587216e-02,  9.64937776e-02,\n",
       "          4.89388507e-02, -5.64258828e-03, -2.87222520e-02,\n",
       "          4.56746567e-02,  6.73270861e-02, -6.21018316e-02,\n",
       "          9.86316650e-03,  9.50258350e-02],\n",
       "        [-6.43263626e-02,  4.11315220e-03,  4.64180538e-02,\n",
       "         -2.68340648e-02,  3.56487908e-02,  3.77598032e-02,\n",
       "         -3.32630171e-02, -7.12157999e-04, -1.43779272e-02,\n",
       "          6.88500985e-02, -3.86353307e-02,  4.89388507e-02,\n",
       "          5.37048307e-02, -9.40017994e-03, -2.06686196e-02,\n",
       "          2.71350880e-02,  4.13947082e-02, -3.06762707e-02,\n",
       "          1.63889193e-03,  6.11740192e-02],\n",
       "        [ 1.46889695e-02,  5.09566355e-03, -7.92949405e-03,\n",
       "          9.33303677e-03, -6.57866818e-03, -8.87786417e-03,\n",
       "          6.68562753e-03, -3.57050738e-03,  2.98985160e-03,\n",
       "         -7.81603851e-03,  8.71352332e-03, -5.64258828e-03,\n",
       "         -9.40017994e-03,  1.77547305e-02, -9.66840414e-04,\n",
       "         -7.70212848e-03, -5.42626649e-03,  6.34910643e-03,\n",
       "          2.40625396e-06, -1.00615488e-02],\n",
       "        [ 4.38294039e-02, -1.82429897e-03, -3.13813056e-02,\n",
       "          2.17984485e-02, -2.17038951e-02, -2.09599444e-02,\n",
       "          2.05926352e-02,  1.94389151e-04,  9.89849820e-03,\n",
       "         -4.67359415e-02,  2.01267181e-02, -2.87222520e-02,\n",
       "         -2.06686196e-02, -9.66840414e-04,  4.07809023e-02,\n",
       "         -1.78014712e-02, -2.85101350e-02,  1.97996685e-02,\n",
       "         -5.80565770e-03, -4.05563166e-02],\n",
       "        [-7.03834652e-02, -2.80757046e-03,  4.62457580e-02,\n",
       "         -3.13866565e-02,  3.46768154e-02,  4.30389596e-02,\n",
       "         -3.36157316e-02, -4.23646809e-03, -8.70418624e-03,\n",
       "          7.40220303e-02, -3.23011972e-02,  4.56746567e-02,\n",
       "          2.71350880e-02, -7.70212848e-03, -1.78014712e-02,\n",
       "          5.77198449e-02,  4.92072225e-02, -3.87883975e-02,\n",
       "          6.58530926e-03,  6.20606688e-02],\n",
       "        [-1.06473557e-01, -3.85280700e-03,  7.13091448e-02,\n",
       "         -4.21053822e-02,  5.32088135e-02,  5.49587028e-02,\n",
       "         -4.95359750e-02, -6.08903329e-03, -1.98062815e-02,\n",
       "          1.11624407e-01, -4.60019321e-02,  6.73270861e-02,\n",
       "          4.13947082e-02, -5.42626649e-03, -2.85101350e-02,\n",
       "          4.92072225e-02,  9.44239944e-02, -5.11106373e-02,\n",
       "          3.50933183e-03,  8.61848601e-02],\n",
       "        [ 8.38605979e-02,  1.67087161e-03, -5.81134688e-02,\n",
       "          3.61928522e-02, -4.00424718e-02, -4.78495310e-02,\n",
       "          4.03758930e-02, -4.12732598e-03,  1.46784495e-02,\n",
       "         -8.51397953e-02,  3.83998144e-02, -6.21018316e-02,\n",
       "         -3.06762707e-02,  6.34910643e-03,  1.97996685e-02,\n",
       "         -3.87883975e-02, -5.11106373e-02,  7.01805126e-02,\n",
       "         -4.38729613e-03, -6.98457594e-02],\n",
       "        [-1.54548973e-02, -5.77256296e-04,  1.14546551e-02,\n",
       "         -9.59885458e-03,  8.91138829e-03,  6.27930419e-03,\n",
       "         -3.76415047e-03,  1.69408770e-03, -1.40407263e-03,\n",
       "          8.56321238e-03, -1.37261955e-03,  9.86316650e-03,\n",
       "          1.63889193e-03,  2.40625396e-06, -5.80565770e-03,\n",
       "          6.58530926e-03,  3.50933183e-03, -4.38729613e-03,\n",
       "          2.43544756e-02,  1.17356270e-02],\n",
       "        [-1.34565037e-01, -5.77615833e-03,  9.74623683e-02,\n",
       "         -5.73560098e-02,  7.02740546e-02,  7.27090406e-02,\n",
       "         -6.91147409e-02, -3.17979730e-03, -1.79326624e-02,\n",
       "          1.32582891e-01, -6.57877706e-02,  9.50258350e-02,\n",
       "          6.11740192e-02, -1.00615488e-02, -4.05563166e-02,\n",
       "          6.20606688e-02,  8.61848601e-02, -6.98457594e-02,\n",
       "          1.17356270e-02,  1.35871206e-01]])"
      ]
     },
     "execution_count": 41,
     "metadata": {},
     "output_type": "execute_result"
    }
   ],
   "source": [
    "worst_B"
   ]
  },
  {
   "cell_type": "code",
   "execution_count": 42,
   "metadata": {},
   "outputs": [
    {
     "data": {
      "text/plain": [
       "matrix([[ 1.83062818e-01,  5.42766736e-03, -1.16329794e-01,\n",
       "          6.46813397e-02, -8.04531235e-02, -8.09899190e-02,\n",
       "          7.65339529e-02,  5.41277576e-03,  2.71794359e-02,\n",
       "         -1.63840883e-01,  7.14045090e-02, -1.11960781e-01,\n",
       "         -6.55625177e-02,  1.34265772e-02,  4.39473187e-02,\n",
       "         -7.12360970e-02, -1.07978962e-01,  8.32180103e-02,\n",
       "         -1.72341437e-02, -1.36258109e-01],\n",
       "        [ 5.42766736e-03,  2.63106923e-02, -5.07903407e-03,\n",
       "          7.65573536e-04, -1.00795616e-02, -6.83360809e-03,\n",
       "          9.40630167e-04,  2.96525758e-03, -1.34790587e-03,\n",
       "         -6.43881410e-03,  6.22969214e-03, -1.14163389e-03,\n",
       "          3.05488147e-03,  4.51111035e-03, -2.19741468e-03,\n",
       "         -3.53074150e-03, -4.30544552e-03,  1.05588281e-03,\n",
       "         -1.21545198e-03, -5.95062607e-03],\n",
       "        [-1.16329794e-01, -5.07903407e-03,  9.44439773e-02,\n",
       "         -4.08728982e-02,  5.57697494e-02,  5.36837788e-02,\n",
       "         -5.17205717e-02, -3.73243508e-03, -2.04254414e-02,\n",
       "          1.10057089e-01, -4.98483717e-02,  7.76185377e-02,\n",
       "          4.46258031e-02, -8.19071274e-03, -3.25366484e-02,\n",
       "          4.38154823e-02,  7.06177763e-02, -5.91365390e-02,\n",
       "          1.17866853e-02,  9.77276746e-02],\n",
       "        [ 6.46813397e-02,  7.65573536e-04, -4.08728982e-02,\n",
       "          4.53250771e-02, -3.67318184e-02, -3.75372402e-02,\n",
       "          3.08282894e-02, -4.14818165e-04,  1.06553686e-02,\n",
       "         -6.48453511e-02,  2.82131889e-02, -4.66352366e-02,\n",
       "         -2.80863068e-02,  8.34742822e-03,  2.18540238e-02,\n",
       "         -3.20571185e-02, -4.31030596e-02,  3.59926690e-02,\n",
       "         -1.05427613e-02, -5.85019680e-02],\n",
       "        [-8.04531235e-02, -1.00795616e-02,  5.57697494e-02,\n",
       "         -3.67318184e-02,  5.62630257e-02,  3.80798615e-02,\n",
       "         -3.55698025e-02,  4.60016100e-03, -1.38987170e-02,\n",
       "          7.53735852e-02, -4.71654475e-02,  5.00763134e-02,\n",
       "          3.13341836e-02, -8.46151989e-03, -2.39184714e-02,\n",
       "          2.84864314e-02,  5.06235420e-02, -4.26462376e-02,\n",
       "          7.54986029e-03,  6.83686489e-02],\n",
       "        [-8.09899190e-02, -6.83360809e-03,  5.36837788e-02,\n",
       "         -3.75372402e-02,  3.80798615e-02,  6.85468112e-02,\n",
       "         -4.23651182e-02, -2.07619915e-03, -1.88111460e-02,\n",
       "          8.61188642e-02, -4.16654559e-02,  6.39917542e-02,\n",
       "          3.49490780e-02, -9.86004223e-03, -2.20609593e-02,\n",
       "          3.88751097e-02,  5.40030202e-02, -4.91747182e-02,\n",
       "          6.02629500e-03,  7.17361956e-02],\n",
       "        [ 7.65339529e-02,  9.40630167e-04, -5.17205717e-02,\n",
       "          3.08282894e-02, -3.55698025e-02, -4.23651182e-02,\n",
       "          5.93410435e-02,  5.31670990e-03,  6.39291535e-03,\n",
       "         -7.10287999e-02,  3.40775146e-02, -5.20077630e-02,\n",
       "         -3.30468482e-02,  6.30208554e-03,  2.09225134e-02,\n",
       "         -3.27684029e-02, -4.97271116e-02,  4.06020325e-02,\n",
       "         -4.19951546e-03, -6.95955135e-02],\n",
       "        [ 5.41277576e-03,  2.96525758e-03, -3.73243508e-03,\n",
       "         -4.14818165e-04,  4.60016100e-03, -2.07619915e-03,\n",
       "          5.31670990e-03,  1.99146180e-02, -1.00046484e-03,\n",
       "         -5.71207593e-03,  2.08058505e-03, -1.36842298e-03,\n",
       "         -1.18757210e-03, -3.93461273e-03, -6.58887143e-05,\n",
       "         -4.02812231e-03, -6.16722753e-03, -4.04903806e-03,\n",
       "          1.52348150e-03, -3.64874136e-03],\n",
       "        [ 2.71794359e-02, -1.34790587e-03, -2.04254414e-02,\n",
       "          1.06553686e-02, -1.38987170e-02, -1.88111460e-02,\n",
       "          6.39291535e-03, -1.00046484e-03,  3.18751746e-02,\n",
       "         -2.74214757e-02,  1.19891441e-02, -2.38440347e-02,\n",
       "         -1.64059102e-02,  1.96602254e-03,  9.18603854e-03,\n",
       "         -1.15699216e-02, -2.11181143e-02,  1.37190689e-02,\n",
       "         -2.63401959e-03, -1.89159619e-02],\n",
       "        [-1.63840883e-01, -6.43881410e-03,  1.10057089e-01,\n",
       "         -6.48453511e-02,  7.53735852e-02,  8.61188642e-02,\n",
       "         -7.10287999e-02, -5.71207593e-03, -2.74214757e-02,\n",
       "          1.84616373e-01, -7.63642264e-02,  1.07423311e-01,\n",
       "          6.55483373e-02, -8.88593426e-03, -4.89920471e-02,\n",
       "          6.89525646e-02,  1.10673852e-01, -8.71134090e-02,\n",
       "          8.47808230e-03,  1.31992452e-01],\n",
       "        [ 7.14045090e-02,  6.22969214e-03, -4.98483717e-02,\n",
       "          2.82131889e-02, -4.71654475e-02, -4.16654559e-02,\n",
       "          3.40775146e-02,  2.08058505e-03,  1.19891441e-02,\n",
       "         -7.63642264e-02,  5.51484580e-02, -5.23504780e-02,\n",
       "         -4.07730213e-02,  7.47203270e-03,  1.99222574e-02,\n",
       "         -3.46154619e-02, -4.77442525e-02,  3.74994360e-02,\n",
       "         -2.78435932e-03, -6.75849034e-02],\n",
       "        [-1.11960781e-01, -1.14163389e-03,  7.76185377e-02,\n",
       "         -4.66352366e-02,  5.00763134e-02,  6.39917542e-02,\n",
       "         -5.20077630e-02, -1.36842298e-03, -2.38440347e-02,\n",
       "          1.07423311e-01, -5.23504780e-02,  9.41326861e-02,\n",
       "          4.41176980e-02, -7.70682718e-03, -3.12094004e-02,\n",
       "          3.94370042e-02,  6.52345901e-02, -6.46744751e-02,\n",
       "          8.63728980e-03,  9.31097448e-02],\n",
       "        [-6.55625177e-02,  3.05488147e-03,  4.46258031e-02,\n",
       "         -2.80863068e-02,  3.13341836e-02,  3.49490780e-02,\n",
       "         -3.30468482e-02, -1.18757210e-03, -1.64059102e-02,\n",
       "          6.55483373e-02, -4.07730213e-02,  4.41176980e-02,\n",
       "          4.98699327e-02, -1.03790187e-02, -2.21745004e-02,\n",
       "          2.36296787e-02,  4.00733057e-02, -3.22588332e-02,\n",
       "          9.63001505e-04,  6.06927908e-02],\n",
       "        [ 1.34265772e-02,  4.51111035e-03, -8.19071274e-03,\n",
       "          8.34742822e-03, -8.46151989e-03, -9.86004223e-03,\n",
       "          6.30208554e-03, -3.93461273e-03,  1.96602254e-03,\n",
       "         -8.88593426e-03,  7.47203270e-03, -7.70682718e-03,\n",
       "         -1.03790187e-02,  1.64213160e-02, -1.61230881e-03,\n",
       "         -1.05265942e-02, -6.83076013e-03,  5.07823663e-03,\n",
       "         -1.06990118e-03, -1.14483015e-02],\n",
       "        [ 4.39473187e-02, -2.19741468e-03, -3.25366484e-02,\n",
       "          2.18540238e-02, -2.39184714e-02, -2.20609593e-02,\n",
       "          2.09225134e-02, -6.58887143e-05,  9.18603854e-03,\n",
       "         -4.89920471e-02,  1.99222574e-02, -3.12094004e-02,\n",
       "         -2.21745004e-02, -1.61230881e-03,  4.11373815e-02,\n",
       "         -1.72153307e-02, -2.87743033e-02,  1.99933252e-02,\n",
       "         -6.15705049e-03, -4.10815684e-02],\n",
       "        [-7.12360970e-02, -3.53074150e-03,  4.38154823e-02,\n",
       "         -3.20571185e-02,  2.84864314e-02,  3.88751097e-02,\n",
       "         -3.27684029e-02, -4.02812231e-03, -1.15699216e-02,\n",
       "          6.89525646e-02, -3.46154619e-02,  3.94370042e-02,\n",
       "          2.36296787e-02, -1.05265942e-02, -1.72153307e-02,\n",
       "          5.28454109e-02,  4.86005290e-02, -3.98481535e-02,\n",
       "          6.10722154e-03,  6.17269150e-02],\n",
       "        [-1.07978962e-01, -4.30544552e-03,  7.06177763e-02,\n",
       "         -4.31030596e-02,  5.06235420e-02,  5.40030202e-02,\n",
       "         -4.97271116e-02, -6.16722753e-03, -2.11181143e-02,\n",
       "          1.10673852e-01, -4.77442525e-02,  6.52345901e-02,\n",
       "          4.00733057e-02, -6.83076013e-03, -2.87743033e-02,\n",
       "          4.86005290e-02,  9.30493793e-02, -5.25237432e-02,\n",
       "          3.26618801e-03,  8.58198775e-02],\n",
       "        [ 8.32180103e-02,  1.05588281e-03, -5.91365390e-02,\n",
       "          3.59926690e-02, -4.26462376e-02, -4.91747182e-02,\n",
       "          4.06020325e-02, -4.04903806e-03,  1.37190689e-02,\n",
       "         -8.71134090e-02,  3.74994360e-02, -6.46744751e-02,\n",
       "         -3.22588332e-02,  5.07823663e-03,  1.99933252e-02,\n",
       "         -3.98481535e-02, -5.25237432e-02,  6.96131469e-02,\n",
       "         -5.78601366e-03, -7.15303927e-02],\n",
       "        [-1.72341437e-02, -1.21545198e-03,  1.17866853e-02,\n",
       "         -1.05427613e-02,  7.54986029e-03,  6.02629500e-03,\n",
       "         -4.19951546e-03,  1.52348150e-03, -2.63401959e-03,\n",
       "          8.47808230e-03, -2.78435932e-03,  8.63728980e-03,\n",
       "          9.63001505e-04, -1.06990118e-03, -6.15705049e-03,\n",
       "          6.10722154e-03,  3.26618801e-03, -5.78601366e-03,\n",
       "          2.27409567e-02,  9.68135136e-03],\n",
       "        [-1.36258109e-01, -5.95062607e-03,  9.77276746e-02,\n",
       "         -5.85019680e-02,  6.83686489e-02,  7.17361956e-02,\n",
       "         -6.95955135e-02, -3.64874136e-03, -1.89159619e-02,\n",
       "          1.31992452e-01, -6.75849034e-02,  9.31097448e-02,\n",
       "          6.06927908e-02, -1.14483015e-02, -4.10815684e-02,\n",
       "          6.17269150e-02,  8.58198775e-02, -7.15303927e-02,\n",
       "          9.68135136e-03,  1.34818415e-01]])"
      ]
     },
     "execution_count": 42,
     "metadata": {},
     "output_type": "execute_result"
    }
   ],
   "source": [
    "Bhat_worst"
   ]
  },
  {
   "cell_type": "code",
   "execution_count": 43,
   "metadata": {},
   "outputs": [
    {
     "data": {
      "text/plain": [
       "[]"
      ]
     },
     "execution_count": 43,
     "metadata": {},
     "output_type": "execute_result"
    }
   ],
   "source": [
    "# no inconsistencies! this means every gradient was within 1e-3 cosine similarity to the true gradient\n",
    "qm.inconsistencies"
   ]
  },
  {
   "cell_type": "code",
   "execution_count": 44,
   "metadata": {},
   "outputs": [
    {
     "name": "stdout",
     "output_type": "stream",
     "text": [
      "f_z dist: 1.3267519913595649e-05\n",
      "f_neg0 dist: 1.223734047139935e-05\n",
      "fs_0 dist: 6.383712307322931e-06\n",
      "fs_1 dist: 4.038893947400091e-06\n",
      "fs_2 dist: 2.1684460360993363e-05\n",
      "fs_3 dist: 8.083295523242384e-05\n",
      "fs_4 dist: 3.239875297733619e-05\n",
      "fs_5 dist: 2.6991575816426305e-05\n",
      "fs_6 dist: 5.788222639702134e-05\n",
      "fs_7 dist: 5.201349570049807e-06\n",
      "fs_8 dist: 8.25743658252609e-05\n",
      "fs_9 dist: 5.91559102847139e-06\n",
      "fs_10 dist: 6.16088857556818e-05\n",
      "fs_11 dist: 2.3829270870190378e-05\n",
      "fs_12 dist: 4.222362962869042e-05\n",
      "fs_13 dist: 1.2255648359382754e-05\n",
      "fs_14 dist: 0.00012605881459526458\n",
      "fs_15 dist: 5.903349865155061e-05\n",
      "fs_16 dist: 1.5321378485366743e-05\n",
      "fs_17 dist: 5.09985998893292e-05\n",
      "fs_18 dist: 6.922988326940605e-05\n",
      "fs_19 dist: 1.2330364263180016e-05\n"
     ]
    }
   ],
   "source": [
    "# this again verifies that the true and calculated gradients were very close\n",
    "\n",
    "print(\"f_z dist:\", spatial.distance.cosine(qm.qmesc.f_z, qm.f_z_opt))\n",
    "print(\"f_neg0 dist:\", spatial.distance.cosine(qm.qmesc.f_neg0, qm.f_neg0_opt))\n",
    "\n",
    "for idx in range(0, q):\n",
    "    print(f\"fs_{idx} dist:\", spatial.distance.cosine(qm.qmesc.fs[idx], qm.fs_opt[idx]))"
   ]
  },
  {
   "cell_type": "code",
   "execution_count": 45,
   "metadata": {},
   "outputs": [],
   "source": [
    "# try running the algo with the true gradients (normalized)\n",
    "f_z_opt = normalize(qm.f_z_opt)\n",
    "f_neg0_opt = normalize(qm.f_neg0_opt)\n",
    "fs_opt = [normalize(i) for i in qm.fs_opt]\n",
    "# QMESC = QME Slope Calculator, calculates a, B given the slope estimates\n",
    "# turn off well_formed because we want to see the algorithm run directly \n",
    "# without gradient clipping (see qme.py/clip_v for an explanation)\n",
    "qmesc_opt = QMESC(sphere, 5e-3, f_z_opt, f_neg0_opt, fs_opt, well_formed=False)\n",
    "ahat_worst_opt, Bhat_worst_opt = qmesc_opt.compute_a_b()"
   ]
  },
  {
   "cell_type": "code",
   "execution_count": 46,
   "metadata": {},
   "outputs": [
    {
     "data": {
      "text/plain": [
       "array([0.03814659, 0.01113102, 0.00639504, 0.02211164, 0.04384882,\n",
       "       0.02165752, 0.00920435, 0.00430133, 0.03406827, 0.01313516,\n",
       "       0.0410759 , 0.04156944, 0.02174222, 0.0341689 , 0.0038492 ,\n",
       "       0.01595709, 0.02002497, 0.03151032, 0.04593458, 0.0227382 ])"
      ]
     },
     "execution_count": 46,
     "metadata": {},
     "output_type": "execute_result"
    }
   ],
   "source": [
    "worst_a"
   ]
  },
  {
   "cell_type": "code",
   "execution_count": 47,
   "metadata": {},
   "outputs": [
    {
     "data": {
      "text/plain": [
       "array([0.03814659, 0.01113102, 0.00639504, 0.02211164, 0.04384882,\n",
       "       0.02165752, 0.00920435, 0.00430133, 0.03406827, 0.01313516,\n",
       "       0.0410759 , 0.04156944, 0.02174222, 0.0341689 , 0.0038492 ,\n",
       "       0.01595709, 0.02002497, 0.03151032, 0.04593458, 0.0227382 ])"
      ]
     },
     "execution_count": 47,
     "metadata": {},
     "output_type": "execute_result"
    }
   ],
   "source": [
    "# accurate!\n",
    "ahat_worst_opt"
   ]
  },
  {
   "cell_type": "code",
   "execution_count": 48,
   "metadata": {},
   "outputs": [
    {
     "data": {
      "text/plain": [
       "matrix([[ 1.83140158e-01,  5.42630021e-03, -1.15696211e-01,\n",
       "          6.53298449e-02, -7.86033645e-02, -7.93617627e-02,\n",
       "          7.61182738e-02,  5.66256148e-03,  2.80383716e-02,\n",
       "         -1.62097407e-01,  7.24025007e-02, -1.09865142e-01,\n",
       "         -6.43263626e-02,  1.46889695e-02,  4.38294039e-02,\n",
       "         -7.03834652e-02, -1.06473557e-01,  8.38605979e-02,\n",
       "         -1.54548973e-02, -1.34565037e-01],\n",
       "        [ 5.42630021e-03,  2.54858484e-02, -4.59235242e-03,\n",
       "          1.32128749e-03, -9.76772934e-03, -5.88396279e-03,\n",
       "          1.21998036e-03,  3.11372440e-03, -7.77612926e-04,\n",
       "         -6.06835482e-03,  6.71261153e-03, -1.98977765e-04,\n",
       "          4.11315220e-03,  5.09566355e-03, -1.82429897e-03,\n",
       "         -2.80757046e-03, -3.85280700e-03,  1.67087161e-03,\n",
       "         -5.77256296e-04, -5.77615833e-03],\n",
       "        [-1.15696211e-01, -4.59235242e-03,  9.67645806e-02,\n",
       "         -3.98447126e-02,  5.59965376e-02,  5.44424644e-02,\n",
       "         -5.01072017e-02, -3.72532959e-03, -1.96647335e-02,\n",
       "          1.10136224e-01, -4.93534381e-02,  7.79720248e-02,\n",
       "          4.64180538e-02, -7.92949405e-03, -3.13813056e-02,\n",
       "          4.62457580e-02,  7.13091448e-02, -5.81134688e-02,\n",
       "          1.14546551e-02,  9.74623683e-02],\n",
       "        [ 6.53298449e-02,  1.32128749e-03, -3.98447126e-02,\n",
       "          4.59495242e-02, -3.58278800e-02, -3.64239899e-02,\n",
       "          3.06550359e-02,  1.91700117e-05,  1.12871578e-02,\n",
       "         -6.40264001e-02,  2.90144625e-02, -4.58227520e-02,\n",
       "         -2.68340648e-02,  9.33303677e-03,  2.17984485e-02,\n",
       "         -3.13866565e-02, -4.21053822e-02,  3.61928522e-02,\n",
       "         -9.59885458e-03, -5.73560098e-02],\n",
       "        [-7.86033645e-02, -9.76772934e-03,  5.59965376e-02,\n",
       "         -3.58278800e-02,  5.85780705e-02,  4.10111851e-02,\n",
       "         -3.32430894e-02,  5.08284441e-03, -1.15599994e-02,\n",
       "          7.63939142e-02, -4.50584452e-02,  5.17933328e-02,\n",
       "          3.56487908e-02, -6.57866818e-03, -2.17038951e-02,\n",
       "          3.46768154e-02,  5.32088135e-02, -4.00424718e-02,\n",
       "          8.91138829e-03,  7.02740546e-02],\n",
       "        [-7.93617627e-02, -5.88396279e-03,  5.44424644e-02,\n",
       "         -3.64239899e-02,  4.10111851e-02,  7.04547055e-02,\n",
       "         -4.11027919e-02, -1.82053548e-03, -1.75958584e-02,\n",
       "          8.66131548e-02, -4.05852211e-02,  6.51759969e-02,\n",
       "          3.77598032e-02, -8.87786417e-03, -2.09599444e-02,\n",
       "          4.30389596e-02,  5.49587028e-02, -4.78495310e-02,\n",
       "          6.27930419e-03,  7.27090406e-02],\n",
       "        [ 7.61182738e-02,  1.21998036e-03, -5.01072017e-02,\n",
       "          3.06550359e-02, -3.32430894e-02, -4.11027919e-02,\n",
       "          5.88131843e-02,  5.39507428e-03,  6.57716287e-03,\n",
       "         -7.00354146e-02,  3.42425289e-02, -5.17233828e-02,\n",
       "         -3.32630171e-02,  6.68562753e-03,  2.05926352e-02,\n",
       "         -3.36157316e-02, -4.95359750e-02,  4.03758930e-02,\n",
       "         -3.76415047e-03, -6.91147409e-02],\n",
       "        [ 5.66256148e-03,  3.11372440e-03, -3.72532959e-03,\n",
       "          1.91700117e-05,  5.08284441e-03, -1.82053548e-03,\n",
       "          5.39507428e-03,  1.96399464e-02, -7.16092344e-04,\n",
       "         -5.52816210e-03,  2.51609953e-03, -1.33287522e-03,\n",
       "         -7.12157999e-04, -3.57050738e-03,  1.94389151e-04,\n",
       "         -4.23646809e-03, -6.08903329e-03, -4.12732598e-03,\n",
       "          1.69408770e-03, -3.17979730e-03],\n",
       "        [ 2.80383716e-02, -7.77612926e-04, -1.96647335e-02,\n",
       "          1.12871578e-02, -1.15599994e-02, -1.75958584e-02,\n",
       "          6.57716287e-03, -7.16092344e-04,  3.31557367e-02,\n",
       "         -2.60564534e-02,  1.35209979e-02, -2.20505526e-02,\n",
       "         -1.43779272e-02,  2.98985160e-03,  9.89849820e-03,\n",
       "         -8.70418624e-03, -1.98062815e-02,  1.46784495e-02,\n",
       "         -1.40407263e-03, -1.79326624e-02],\n",
       "        [-1.62097407e-01, -6.06835482e-03,  1.10136224e-01,\n",
       "         -6.40264001e-02,  7.63939142e-02,  8.66131548e-02,\n",
       "         -7.00354146e-02, -5.52816210e-03, -2.60564534e-02,\n",
       "          1.83868710e-01, -7.48361611e-02,  1.07850522e-01,\n",
       "          6.88500985e-02, -7.81603851e-03, -4.67359415e-02,\n",
